0.002524215999999857 2116
0.0037485000000003765 2117
0.00451907500000015 2118
0.005642890000000733 2119
0.0044066140000005305 2118
0.005642612000000824 2119
0.003637962999999189 2117
0.007615051999998457 2121
0.005609823000000347 2119
0.00640367300000122 2120
0.00596469899999974 2119
0.006172519999999793 2120
0.003945715000000405 2117
0.006794032999998478 2120
0.005936359999999752 2119
0.00876903999999712 2122
0.008776658000002158 2122
0.006801635000002193 2120
0.008776075999996635 2122
0.008757203000001823 2122
0.0070085799999972664 2121
0.005881250000001614 2119
0.004785314000002927 2118
0.004821225000000595 2118
0.0066123599999983185 2120
0.005920015999997474 2119
0.0063675020000033555 2120
0.004684758000003342 2118
0.006400829000000385 2120
0.005142458999998212 2119
0.005831673000002979 2119
0.008083998999993014 2122
0.008137136000001988 2122
0.0050525409999977455 2119
0.003982200999999463 2117
0.004872320000004038 2118
0.004803894000005471 2118
0.004265854999999874 2118
0.006108937999997011 2120
0.008943947000005892 2122
0.00610642799999539 2120
0.008890430999997534 2122
0.006510073000001171 2120
0.006592204000000379 2120
0.005848462000002996 2119
0.00936935100000369 2123
0.010031589999996982 2124
0.012082383999995727 2126
0.0073958990000022595 2121
0.011165258999994876 2125
0.01059720700000355 2124
0.008173330999994732 2122
0.008079198999993764 2122
0.008012050000004933 2122
0.008037310999995384 2122
0.00601007800000275 2120
0.007514292999999839 2121
0.008963004999998248 2122
0.011882331999998996 2125
0.009731622999993306 2123
0.011958825999997202 2125
0.008909536999993861 2122
0.010994844999999032 2124
0.008795445000004065 2122
0.008425184000003583 2122
0.007449968999992507 2121
0.007203729999986308 2121
0.007135745999988785 2121
0.005716737999989618 2119
0.004937782000013158 2118
0.004737756999986686 2118
0.0050419490000024325 2119
0.0031760539999936555 2117
0.004834490999996888 2118
0.008793625000009797 2122
0.009611382999992202 2123
0.007539696000009144 2121
0.009569328999987192 2123
0.008598406000004388 2122
0.013025080000005573 2127
0.012780789000004233 2126
0.012519571000012775 2126
0.008912288999994189 2122
0.008656371999990142 2122
0.0069079110000132005 2120
0.006632212999988951 2120
0.008561563999990085 2122
0.008138190000011036 2122
0.010550372000011521 2124
0.006701585999991266 2120
0.005884766999997737 2119
0.005162976000008257 2119
0.007850826999998617 2121
0.004937597000008509 2118
0.002994069000010313 2116
0.004672150000004649 2118
0.006851753000006511 2120
0.010146150999986503 2124
0.008829351000002816 2122
0.008161900000004607 2122
0.008608634000012216 2122
0.007038026000003583 2121
0.008416731000011168 2122
0.007007584999996652 2121
0.009001670000003514 2123
0.00864735799999039 2122
0.006963907999988805 2120
0.008913688999996339 2122
0.008530998999987105 2122
0.008119738000004872 2122
0.010675526999989415 2124
0.00996161200001211 2123
0.010035759999993843 2124
0.00883582500000557 2122
0.00788593100000412 2121
0.00874561200001267 2122
0.009353688999993892 2123
0.008843520999988641 2122
0.010909556999990855 2124
0.014452898999991248 2128
0.010659428999986176 2124
0.009453247999999803 2123
0.009227516999999352 2123
0.006879725000004555 2120
0.00837982300001272 2122
0.010575595000005933 2124
0.009304015999987314 2123
0.008461128000021745 2122
0.00841748400000597 2122
0.007723021999993307 2121
0.006491422999999941 2120
0.006999366000002283 2120
0.007001839999986714 2121
0.006745156000022234 2120
0.005830477000017709 2119
0.0044255760000169175 2118
0.00491475299998001 2118
0.004474860000016179 2118
0.006312719999982619 2120
0.004889769999977034 2118
0.005202817999986564 2119
0.003893317000006391 2117
0.005218080000020109 2119
0.0075363990000028025 2121
0.006181867000009333 2120
0.006408729999975549 2120
0.005290426999977171 2119
0.00936963399999513 2123
0.008130401000016718 2122
0.005744603999971787 2119
0.007994795999991311 2121
0.006037982999998803 2120
0.005310249999979533 2119
0.009113564000017504 2123
0.010525723000000653 2124
0.00789639999999281 2121
0.007878586999993331 2121
0.007809178999991673 2121
0.009895214999971813 2123
0.0098369169999728 2123
0.007783179999989898 2121
0.007757470000001376 2121
0.008507450000024619 2122
0.007798524999998335 2121
0.011265993999984403 2125
0.009423388000016075 2123
0.010093422000011287 2124
0.009361066999986178 2123
0.005663217000005716 2119
0.0029986499999949956 2116
0.005652945000008458 2119
0.00930667599999424 2123
0.011073548000013034 2125
0.0072055489999911515 2121
0.009552616999997099 2123
0.008853581999971993 2122
0.00702930599999263 2121
0.009155082000006587 2123
0.010614556999996694 2124
0.0054394389999856685 2119
0.002660699999978533 2116
0.004645787000015389 2118
0.011064383000018552 2125
0.008829123999987587 2122
0.012232376999975259 2126
0.009942604999992 2123
0.00968174000001909 2123
0.00875139599997965 2122
0.009067959999981667 2123
0.008135467999977664 2122
0.00725038199999517 2121
0.004757912999991731 2118
0.006476414000019304 2120
0.00814386399997602 2122
0.0069553499999983615 2120
0.005838572000016029 2119
0.0064516240000216385 2120
0.005699161999984881 2119
0.0049248220000208676 2118
0.004756880999991608 2118
0.006691954000018541 2120
0.005611014999999497 2119
0.0026985779999790793 2116
0.003572787999985394 2117
0.004090554000015345 2118
0.004693573999986711 2118
0.0066024199999787925 2120
0.006880538000018532 2120
0.007483131000014964 2121
0.006086102999972809 2120
0.006890968999982761 2120
0.005912947000012991 2119
0.004801631000020734 2118
0.008661721999999372 2122
0.00879346300001771 2122
0.010616918999971858 2124
0.0074863390000246 2121
0.004286832999980561 2118
0.004138297999986662 2118
0.003765722000025562 2117
0.005372734999980366 2119
0.0039110039999741275 2117
0.003981512999985171 2117
0.0031019140000125844 2117
0.0030098820000148407 2117
0.004957762999993065 2118
0.003899928999999247 2117
0.004583344000025136 2118
0.006120155000019167 2120
