0.012406692	-5320
0.016405993	-5391
0.020408314	-5464
0.024407084	-5538
0.028458977	-5611
0.032556002	-5684
0.036545631	-5757
0.040642536	-5830
0.044711398	-5903
0.049626592	-5976
0.053704369	-6049
0.057786094	-6122
0.061341323	-6195
0.065820456	-6295
0.070477398	-6366
0.074471787	-6439
0.078591802	-6512
0.082714649	-6585
0.08662681	-6658
0.091661054	-6731
0.094661267	-6804
0.099779808	-6877
0.1038223	-6950
0.108431604	-7048
0.11255564	-7121
0.116520232	-7194
0.120641835	-7267
0.12471181	-7340
0.12962068	-7413
0.133697067	-7486
0.13780785	-7559
0.141334459	-7632
0.145816665	-7705
0.149821841	-7778
0.153807041	-7851
0.157738372	-7924
0.161104584	-7997
0.165719604	-8070
0.169815798	-8143
0.17380727	-8216
0.177813778	-8289
0.181610723	-8362
0.185797115	-8435
0.189810889	-8508
0.193836289	-8581
0.197677581	-8654
0.202215951	-8727
0.206293648	-8800
0.210362899	-8873
0.214403328	-8946
0.218092341	-9019
0.222387715	-9092
0.226408782	-9165
0.230498153	-9238
0.234327569	-9311
0.238645702	-9384
0.242700695	-9457
0.247656805	-9530
0.251698428	-9603
0.254681891	-9676
0.259816002	-9749
0.264418094	-9847
0.268503656	-9920
0.272560965	-9993
0.276617826	-10066
0.280708821	-10140
0.284589683	-10213
0.288673426	-10287
0.29381762	-10387
0.298502597	-10459
0.302553937	-10533
0.306643819	-10606
0.311627449	-10680
0.314661912	-10753
0.319805254	-10827
0.323823976	-10901
0.327737706	-10974
0.331820341	-11048
0.335138595	-11121
0.339240491	-11195
0.34337641	-11269
0.347520252	-11343
0.351570691	-11416
0.355641032	-11490
0.359736573	-11563
0.36383498	-11637
0.367993481	-11711
0.372319085	-11784
0.376301357	-11858
0.380376809	-11932
0.384396168	-12005
0.388615725	-12079
0.393594079	-12152
0.397718207	-12226
0.401340539	-12300
0.405730951	-12373
0.409732972	-12447
0.413731903	-12520
0.417728575	-12594
0.421401986	-12668
0.425733857	-12742
0.429733549	-12815
0.434060403	-12889
0.438012963	-12962
0.442233869	-13036
0.446315293	-13110
0.450320223	-13183
0.454169569	-13257
0.458347766	-13330
0.462511955	-13404
0.46662398	-13477
0.470649534	-13551
0.475796874	-13624
0.478986114	-13698
0.482974517	-13772
0.487819633	-13804
0.491339812	-13804
0.495816427	-13804
1.511809666	-13788
1.515810105	-13716
1.519806156	-13642
1.52380326	-13569
1.527812102	-13495
1.531765853	-13421
1.535808233	-13349
1.540029598	-13276
1.544210558	-13202
1.548310968	-13128
1.552372653	-13054
1.556398974	-12981
1.560395317	-12907
1.564265598	-12834
1.5686196959999998	-12760
1.5726858099999999	-12686
1.5776629070000001	-12613
1.581773143	-12539
1.58579342	-12466
1.5898081579999999	-12392
1.593817619	-12318
1.5977273269999999	-12245
1.601811635	-12171
1.60579173	-12097
1.6098078409999999	-12024
1.6138128109999998	-11950
1.61800737	-11877
1.622205031	-11803
1.626278455	-11729
1.6301547730000001	-11656
1.634398135	-11582
1.638312698	-11508
1.642517335	-11435
1.64654558	-11361
1.6506954390000002	-11287
1.654679388	-11214
1.659775065	-11140
1.6638180390000001	-11067
1.6677282409999998	-10993
1.671403061	-10919
1.675788117	-10846
1.679805425	-10772
1.683816337	-10698
1.687729136	-10625
1.69176964	-10551
1.696115904	-10478
1.700243726	-10404
1.704335766	-10330
1.708404907	-10257
1.712405301	-10183
1.716472022	-10109
1.7205962449999999	-10036
1.7247094060000001	-9962
1.72963589	-9889
1.733685251	-9816
1.737741396	-9743
1.741360926	-9670
1.745818936	-9597
1.749808689	-9524
1.753830284	-9451
1.757725853	-9378
1.7618104909999999	-9305
1.765791377	-9232
1.769726819	-9159
1.773817605	-9086
1.777722721	-9013
1.781765563	-8940
1.785787732	-8867
1.789754287	-8794
1.7940775599999998	-8721
1.798005042	-8648
1.802229004	-8575
1.806384524	-8502
1.810382498	-8429
1.8143933749999999	-8356
1.818205328	-8283
1.822265436	-8210
1.8264348620000002	-8137
1.830571226	-8064
1.834642713	-7990
1.838666401	-7917
1.843633538	-7844
1.847590967	-7771
1.851576447	-7698
1.854939614	-7625
1.859809159	-7552
1.863757364	-7479
1.866963438	-7406
1.8713406240000001	-7333
1.875729315	-7260
1.879811154	-7187
1.883821176	-7114
1.8877291139999999	-7041
1.891809593	-6968
1.895552244	-6895
1.899802738	-6822
1.9037641459999999	-6749
1.9081681179999999	-6676
1.912206579	-6603
1.916317212	-6530
1.920305191	-6457
1.9244042289999999	-6384
1.928406382	-6311
1.932377389	-6238
1.936395997	-6165
1.940434692	-6092
1.9446000940000001	-6019
1.948642991	-5946
1.952693204	-5873
1.9568728530000001	-5799
1.961342718	-5726
1.96579646	-5653
1.96981055	-5580
1.973807221	-5507
1.977800459	-5434
1.981075739	-5361
1.985723604	-5305
1.989727969	-5304
1.993263571	-5304
1.997799717	-5304
3.018393395	-5320
3.022348301	-5392
3.026577485	-5465
3.030603207	-5538
3.03455788	-5611
3.038735009	-5684
3.043585887	-5757
3.047766781	-5830
3.051334522	-5903
3.055859486	-5977
3.059840751	-6050
3.063828657	-6123
3.067822525	-6196
3.071829988	-6269
3.075377175	-6342
3.079841748	-6416
3.083584343	-6489
3.087819663	-6562
3.09179681	-6635
3.095812528	-6708
3.099834867	-6781
3.10413058	-6854
3.107761487	-6927
3.112235499	-7000
3.116331528	-7073
3.120406088	-7147
3.124420829	-7220
3.128288945	-7293
3.13219826	-7366
3.136493973	-7439
3.140482469	-7512
3.144583912	-7585
3.148686242	-7659
3.152745086	-7732
3.157614246	-7805
3.160730771	-7878
3.165824256	-7951
3.169834091	-8024
3.173829375	-8097
3.177828167	-8171
3.181332882	-8244
3.185829521	-8317
3.189832806	-8390
3.193827841	-8463
3.197823496	-8536
3.201502757	-8609
3.205816478	-8682
3.209827664	-8755
3.213828363	-8829
3.217691834	-8902
3.222203046	-8975
3.226277641	-9048
3.230323781	-9121
3.234405755	-9194
3.238114142	-9268
3.242415555	-9341
3.246420629	-9414
3.25042911	-9487
3.2545914209999998	-9560
3.258613343	-9633
3.26272065	-9706
3.267538252	-9779
3.271696413	-9852
3.274722821	-9926
3.279828064	-9999
3.283840167	-10072
3.287821772	-10145
3.2913312169999998	-10219
3.295812771	-10293
3.299833408	-10367
3.30375186	-10441
3.307820383	-10514
3.311787145	-10588
3.3158200669999998	-10662
3.320291183	-10735
3.324404133	-10809
3.328113647	-10883
3.33241838	-10957
3.336248527	-11030
3.340387638	-11104
3.344516234	-11178
3.34858926	-11252
3.352656271	-11325
3.35672235	-11399
3.36081199	-11473
3.3649031369999998	-11546
3.369026264	-11620
3.3737519750000002	-11693
3.377306097	-11767
3.38142885	-11841
3.385746964	-11915
3.389726952	-11988
3.394076372	-12062
3.397817154	-12136
3.4022735539999998	-12209
3.406335696	-12283
3.410337996	-12357
3.414241879	-12431
3.418507096	-12504
3.422569934	-12578
3.427558169	-12652
3.430680372	-12726
3.435748214	-12799
3.43983219	-12873
3.443008674	-12947
3.44782564	-13021
3.451252385	-13094
3.455827595	-13168
3.459833328	-13242
3.463808355	-13315
3.467857752	-13389
3.472173688	-13463
3.476296901	-13537
3.479964883	-13610
3.484414033	-13684
3.4883699679999998	-13758
3.492515585	-13804
3.496432531	-13804
3.501671444	-13804
4.518511833	-13788
4.522579696	-13716
4.526713969	-13642
4.531687495	-13568
4.534760324	-13495
4.538824968	-13421
4.543849313	-13347
4.547746189	-13274
4.551825607	-13200
4.555812699	-13126
4.559810694	-13053
4.56381644	-12979
4.567816844	-12905
4.5718124	-12831
4.576201195	-12757
4.579860484	-12684
4.584393814	-12610
4.588068792	-12536
4.592392583	-12463
4.596477941	-12389
4.600584293	-12315
4.604459443	-12241
4.609662165	-12142
4.614409964	-12069
4.618315559	-11996
4.622458778	-11922
4.626497028	-11848
4.6306353829999995	-11774
4.634666332	-11700
4.639736832	-11627
4.643745503	-11553
4.647816212	-11479
4.651329257	-11406
4.65580573	-11332
4.659816902	-11258
4.663745019	-11184
4.667812925	-11111
4.671780998	-11037
4.676115334	-10963
4.680216676	-10889
4.684356452	-10816
4.688036233	-10742
4.692389648	-10668
4.696330394	-10595
4.700554496	-10521
4.70457491	-10447
4.709603152	-10373
4.7136542729999995	-10299
4.717744154	-10226
4.72132908	-10152
4.725008721	-10078
4.729821701	-10005
4.733744131	-9931
4.737816949	-9858
4.741387329	-9785
4.745823095	-9712
4.749831001	-9639
4.753741699	-9565
4.757853484	-9492
4.762146544	-9419
4.766224178	-9346
4.769857863	-9273
4.774370707	-9200
4.778016643	-9126
4.782408088	-9053
4.786151257	-8980
4.790477493	-8907
4.794555247	-8834
4.79858713	-8761
4.802717282	-8688
4.8065463489999996	-8615
4.811683431	-8541
4.8147488769999995	-8468
4.81877456	-8395
4.823842912	-8322
4.827741138	-8249
4.831823571	-8176
4.835805241	-8103
4.839821024	-8030
4.843832572	-7956
4.8477479930000005	-7883
4.851381984	-7810
4.855741975	-7737
4.859743535	-7664
4.863621847	-7591
4.8677765090000005	-7517
4.872098537	-7444
4.876169425	-7371
4.880321663	-7298
4.884401576	-7225
4.888106051	-7152
4.892409858	-7079
4.8964066729999995	-7006
4.900503817	-6933
4.904584918	-6860
4.908611698	-6786
4.912716885	-6713
4.917637848	-6640
4.921337315	-6567
4.924746916	-6493
4.929823161	-6421
4.933815292	-6348
4.937819563	-6274
4.941048951	-6201
4.945824247	-6128
4.949823394	-6055
4.953816331	-5982
4.957815555	-5909
4.961471785	-5836
4.965848459	-5763
4.96982749	-5690
4.973816256	-5616
4.97817233	-5543
4.982219248	-5470
4.986317719	-5397
4.989959479	-5324
4.994413804	-5304
4.998367033	-5304
5.002509409	-5304
6.023671446	-5320
6.027748528	-5391
6.031885126	-5465
6.036007995	-5538
6.039944721	-5611
6.044331644	-5684
6.048152257	-5757
6.05233419	-5830
6.056477379	-5903
6.060549264	-5976
6.06461619	-6050
6.068679677	-6123
6.073581311	-6196
6.076652861	-6269
6.081781652	-6342
6.085805744	-6416
6.089817613	-6489
6.092951751	-6562
6.097808599	-6635
6.101335661	-6708
6.105800439	-6781
6.109814	-6854
6.113276559	-6927
6.117743176	-7001
6.121817414	-7074
6.125798985	-7147
6.129746617	-7220
6.134118794	-7293
6.138048265	-7367
6.14218901	-7440
6.146247274	-7513
6.150331139	-7586
6.154327305	-7659
6.158237216	-7732
6.162413392	-7805
6.166504915	-7878
6.170582102	-7952
6.174644549	-8025
6.178675762	-8098
6.183630003	-8171
6.186655141	-8244
6.191334054	-8318
6.195813904	-8391
6.199826389	-8464
6.203738557	-8537
6.207809976	-8610
6.211335683	-8683
6.21579664	-8756
6.219819537	-8829
6.223227043	-8903
6.227817452	-8976
6.231493134	-9049
6.235798957	-9122
6.239815221	-9195
6.243841096	-9268
6.247997375	-9342
6.252247919	-9415
6.256315029	-9488
6.260364491	-9561
6.264405508	-9634
6.268121996	-9707
6.272401381	-9780
6.276406485	-9854
6.280497502	-9927
6.284578198	-10000
6.288605125	-10073
6.29363501	-10147
6.2977557189999995	-10221
6.302380286	-10320
6.306474487	-10393
6.310575265	-10467
6.314439299	-10541
6.319631843	-10614
6.322669425	-10688
6.327836534	-10762
6.33133056	-10836
6.334943036	-10910
6.339072365	-10983
6.343151644	-11057
6.347227225	-11131
6.351376486	-11205
6.355499318	-11278
6.359543914	-11351
6.363606072	-11425
6.36772657	-11499
6.372264561	-11573
6.376106865	-11647
6.380102361	-11720
6.384217153	-11794
6.388441382	-11868
6.392538935	-11941
6.396628584	-12015
6.401380158	-12089
6.404759404	-12163
6.409734755	-12237
6.413738037	-12310
6.417024623	-12384
6.42106379	-12458
6.425734977	-12532
6.429736382	-12605
6.433441472	-12679
6.437471998	-12753
6.441770944	-12827
6.446140565	-12900
6.449899428	-12974
6.454323068	-13048
6.458146127	-13122
6.462385824	-13195
6.466545959	-13269
6.470553405	-13343
6.474595714	-13417
6.479598878	-13491
6.482768672	-13564
6.487836906	-13638
6.490950024	-13712
6.495797114	-13785
6.499812423	-13804
6.503738434	-13804
7.52023601	-13788
7.5243366080000005	-13716
7.527997347	-13642
7.53236328	-13568
7.5364067729999995	-13495
7.540545605	-13421
7.544641891	-13347
7.548699924	-13274
7.552624263	-13200
7.5576951690000005	-13126
7.561608743	-13052
7.5657955569999995	-12979
7.56981474	-12905
7.573147053	-12831
7.577804622	-12757
7.581385529	-12683
7.585792935	-12610
7.589815757	-12536
7.594111866	-12462
7.598009849	-12389
7.602339805	-12315
7.606319025	-12241
7.610122647	-12167
7.614403935	-12093
7.618531325	-12020
7.622635758	-11946
7.627653012	-11846
7.632378898	-11774
7.636405326	-11700
7.640470124	-11626
7.644334913	-11552
7.648602077	-11479
7.653616311	-11405
7.657691671	-11331
7.661334635	-11258
7.665814697	-11184
7.669815354	-11110
7.6738085940000005	-11036
7.677803386	-10962
7.681335499	-10889
7.685796058	-10815
7.689810203	-10741
7.693806776	-10667
7.698000765	-10594
7.702242074	-10520
7.706338455	-10446
7.710400052	-10373
7.714403563	-10299
7.718425173	-10225
7.722560802	-10151
7.726571341	-10077
7.731648749	-9978
7.73639977	-9906
7.740398883	-9832
7.744400464	-9759
7.748364464	-9686
7.752519438	-9613
7.756488287	-9540
7.760634902	-9467
7.764702627	-9394
7.769593448	-9321
7.773669766	-9247
7.777781244	-9147
7.78238244	-9076
7.786392036	-9003
7.7904994290000005	-8930
7.794488823	-8857
7.798601703	-8784
7.802691749	-8711
7.807657925	-8611
7.812392189	-8540
7.816070114	-8466
7.8203980699999995	-8393
7.824220365	-8320
7.828518667	-8247
7.832579978	-8174
7.8366327590000004	-8101
7.840693733	-8028
7.844667565	-7955
7.849698305	-7881
7.853775722	-7808
7.856730773	-7735
7.861336966	-7662
7.864887979	-7589
7.868984656	-7516
7.873699382	-7443
7.877702168	-7369
7.881344096	-7296
7.885700049	-7223
7.889699369	-7150
7.893702039	-7077
7.897773807	-7004
7.901764524	-6930
7.906133623	-6857
7.910204189	-6784
7.914198388	-6711
7.918003611	-6638
7.922367385	-6565
7.926373003	-6492
7.9303736350000005	-6419
7.934320134	-6345
7.938495911	-6272
7.942586484	-6199
7.946589921	-6126
7.950716922	-6053
7.955656133	-5979
7.959722215	-5906
7.9637867159999995	-5833
7.967701082	-5760
7.971355922	-5687
7.975788032	-5614
7.9797017740000005	-5541
7.983797371	-5468
7.9877786969999995	-5394
7.9913578990000005	-5322
7.995789534	-5304
7.999774085	-5304
9.020350279	-5320
9.02431871	-5391
9.028484465	-5465
9.032520631	-5538
9.036615022	-5611
9.041339435	-5684
9.044709507	-5757
9.049807063	-5830
9.053801053	-5904
9.057795113	-5977
9.061009084	-6050
9.065805486	-6123
9.069349246	-6196
9.073723936	-6269
9.077678774	-6342
9.081414729	-6415
9.085788456	-6489
9.089807321	-6562
9.093797718	-6635
9.09810751	-6708
9.102128301	-6782
9.106252628	-6854
9.110246817	-6928
9.114387081	-7001
9.118063327	-7074
9.122376565	-7147
9.126314704	-7220
9.13034143	-7293
9.134454804	-7366
9.138531731	-7439
9.142681743	-7513
9.147652398	-7613
9.152389525	-7684
9.156096184	-7757
9.160316091	-7830
9.164157051	-7903
9.168514838	-7976
9.172570732	-8049
9.176625465	-8122
9.180682532	-8195
9.184668939	-8269
9.189711185	-8342
9.193788134	-8415
9.197796067	-8488
9.201331319	-8561
9.205789757	-8635
9.209800547	-8708
9.213812654	-8781
9.217793452	-8854
9.221331679	-8927
9.225785812	-9000
9.22979652	-9073
9.233811153	-9146
9.237792464	-9220
9.241757994	-9293
9.246111974	-9366
9.250147475	-9439
9.254149828	-9512
9.258330534	-9585
9.262356463	-9659
9.266387531	-9732
9.270352402	-9805
9.274137754	-9878
9.278400964	-9951
9.282489636	-10024
9.286601888	-10098
9.290697096	-10172
9.294662093	-10245
9.299769233	-10319
9.303814744	-10393
9.306903022	-10467
9.311800967	-10541
9.315784491	-10614
9.319794812	-10688
9.323805743	-10762
9.327727182	-10835
9.331806493	-10909
9.335668811	-10983
9.339734607	-11057
9.343851204	-11131
9.347994686	-11204
9.352049695	-11278
9.356130406	-11352
9.360220742	-11425
9.36432566	-11499
9.36856425	-11573
9.373534017	-11647
9.376652172	-11720
9.380764274	-11794
9.385720885	-11867
9.389723723	-11941
9.393721413	-12015
9.397334503	-12089
9.4013481	-12162
9.40566561	-12236
9.409721079	-12310
9.413705483	-12383
9.417788222	-12457
9.422325334	-12531
9.426392179	-12605
9.430396533	-12679
9.434211942	-12752
9.43853752	-12826
9.442612099	-12900
9.446688082	-12973
9.451679069	-13047
9.454759275	-13121
9.459801749	-13195
9.462962437	-13269
9.46779154	-13342
9.471333009	-13416
9.475799204	-13490
9.479422618	-13564
9.483576246	-13637
9.487620377	-13711
9.491725488	-13784
9.49584834	-13804
9.500020721	-13804
9.504175005	-13804
10.522382777	-13788
10.526387201	-13716
10.530385039	-13642
10.534517572	-13568
10.538563724	-13494
10.542686607	-13421
10.546571616	-13347
10.551731681	-13273
10.555775067999999	-13200
10.559783162	-13126
10.563807803	-13052
10.567109528	-12978
10.57179089	-12904
10.575779972	-12831
10.579718089	-12757
10.583791936	-12683
10.588101368	-12609
10.592166245	-12536
10.596317688	-12462
10.600302316	-12388
10.604308913	-12315
10.608344401	-12241
10.612511115	-12167
10.616539784	-12093
10.620539747	-12019
10.62466806	-11946
10.629703114	-11872
10.633806389	-11798
10.63778868	-11725
10.641333605	-11651
10.645800625	-11577
10.649795644	-11503
10.653791178	-11429
10.657784955	-11356
10.661758159	-11282
10.666150812	-11208
10.670242673	-11134
10.674288058	-11061
10.678382188	-10987
10.682364255	-10913
10.686450387	-10840
10.690583094	-10766
10.694543508	-10692
10.699603387	-10618
10.703625379	-10519
10.708383795	-10446
10.712457551	-10372
10.716594296	-10298
10.720686254	-10225
10.724655724	-10151
10.729595403	-10077
10.733792219	-10004
10.737788906	-9930
10.741330908	-9857
10.74579587	-9784
10.749793775	-9710
10.753714274	-9637
10.757785884	-9564
10.761385512	-9491
10.765791718	-9418
10.769506415	-9345
10.773790143	-9271
10.777714833	-9198
10.782090209	-9125
10.78611479	-9052
10.790269117	-8979
10.794260893	-8906
10.798306573	-8833
10.802358749	-8760
10.806378978	-8686
10.810378752	-8613
10.814475056	-8540
10.81851338	-8467
10.822619796	-8394
10.826494224	-8320
10.831332878	-8247
10.834661428	-8174
10.839788072	-8101
10.843715321	-8028
10.847721322	-7955
10.850954005	-7882
10.855773182	-7809
10.8597149	-7736
10.863173416	-7662
10.86771937	-7589
10.871326982	-7516
10.875715594999999	-7443
10.879720444	-7370
10.88371743	-7296
10.887988239	-7223
10.892095701	-7150
10.896244808	-7077
10.900318002	-7004
10.904385047	-6931
10.908008629	-6858
10.912364157	-6785
10.916382575	-6712
10.92044489	-6638
10.924321435	-6565
10.928600711	-6492
10.932673676	-6419
10.937601313	-6346
10.940564788	-6272
10.945735328	-6199
10.949797059	-6126
10.953795391	-6053
10.957788606	-5980
10.961336623	-5907
10.965816741	-5834
10.969800125	-5761
10.973717623	-5688
10.977790258	-5614
10.981341279	-5541
10.985766057	-5468
10.989788398	-5395
10.993794169	-5322
10.997991526	-5304
11.002216741	-5304
11.006344582	-5304
12.02660156	-5320
12.030583344	-5392
12.034708125	-5465
12.038718294	-5538
12.043695935	-5611
12.046799894	-5684
12.050891425	-5758
12.055714393	-5831
12.059709625	-5904
12.06309145	-5977
12.067782416	-6050
12.071783814	-6124
12.075764556	-6197
12.079777738	-6270
12.08379866	-6343
12.08771252	-6417
12.091748609	-6490
12.096103351	-6563
12.100182615	-6636
12.104293524	-6709
12.107981366	-6783
12.112358239	-6856
12.116374835	-6930
12.120296717	-7003
12.124406907	-7076
12.128539757	-7149
12.132600757	-7222
12.136676371	-7296
12.141464233	-7369
12.144661052	-7442
12.149751089	-7515
12.153799179	-7589
12.15687548	-7662
12.161711891	-7735
12.165776977	-7809
12.169783812	-7882
12.173803026	-7955
12.177781128	-8028
12.181417661	-8102
12.185772383	-8175
12.189782007	-8248
12.193788945	-8321
12.198002275	-8395
12.202166944	-8468
12.206263768	-8541
12.210259589	-8614
12.21437741	-8688
12.218174528	-8761
12.222379263	-8834
12.226499553	-8908
12.230487474	-8981
12.234616589	-9054
12.238644389	-9127
12.243630353	-9227
12.248384511	-9298
12.25236375	-9372
12.25637367	-9445
12.260452467	-9518
12.264287815	-9592
12.268599673	-9665
12.272674422	-9738
12.277604683	-9811
12.281655311	-9885
12.286379614	-9982
12.29011562	-10056
12.294458482	-10130
12.298402743	-10204
12.302677701	-10278
12.30766071	-10351
12.311333663	-10425
12.315794252	-10499
12.319814237	-10573
12.323786177	-10647
12.32780814	-10721
12.331298069	-10795
12.335358731	-10869
12.339429091	-10942
12.34348912	-11016
12.347608584	-11090
12.351745602	-11164
12.355837676	-11238
12.359946559	-11312
12.364033884	-11386
12.368191058	-11460
12.372287312	-11533
12.376434651	-11607
12.380483316	-11681
12.384607511	-11755
12.388708028	-11829
12.392835606	-11903
12.396935676	-11976
12.401058922	-12051
12.405159583	-12124
12.409313737	-12198
12.413424644	-12272
12.417496085	-12346
12.421636459	-12420
12.425818777	-12494
12.429970407	-12567
12.434044030999999	-12641
12.438003708	-12714
12.442265751	-12789
12.44640772	-12862
12.450502265	-12936
12.454464924	-13010
12.45956138	-13084
12.463681473	-13158
12.467680253	-13232
12.471342137	-13305
12.47567538	-13379
12.479682312	-13453
12.483233512	-13527
12.487681045	-13601
12.491570721	-13675
12.495708516	-13749
12.500164934	-13804
12.504201582	-13804
13.520341579	-13788
13.524237063	-13716
13.52857975	-13642
13.532629331999999	-13568
13.537642111	-13494
13.541744664	-13420
13.546362602	-13322
13.550463	-13249
13.554570911999999	-13175
13.558602806	-13101
13.563633559	-13027
13.567786063	-12953
13.57133908	-12879
13.575755168	-12805
13.579755353	-12732
13.583676321	-12658
13.587749067	-12584
13.591420877000001	-12510
13.595732429	-12437
13.599751304	-12363
13.604132049	-12289
13.608229527	-12215
13.612308117	-12141
13.616341296	-12067
13.620263373	-11994
13.624381654	-11920
13.628519292	-11846
13.632632509	-11772
13.63753403	-11698
13.640662988	-11624
13.645760371	-11550
13.649750329	-11476
13.653674015	-11403
13.657747998	-11329
13.66134159	-11255
13.665754691	-11181
13.669754756	-11107
13.673672326	-11033
13.678117054	-10959
13.682173634	-10885
13.686301912	-10812
13.690344348	-10738
13.694339142	-10664
13.698413015	-10590
13.70248929	-10516
13.706573465	-10442
13.711336578000001	-10369
13.714691727	-10294
13.719758876	-10221
13.723675735	-10147
13.727749535	-10073
13.73180776	-9999
13.735783847	-9926
13.739782859	-9853
13.743332301	-9779
13.747796404	-9706
13.751741231	-9633
13.755779492	-9560
13.759681797	-9486
13.763786817	-9413
13.768308459	-9340
13.772345474	-9266
13.776368533	-9193
13.78036694	-9120
13.784290086	-9047
13.788490079	-8973
13.792543886	-8900
13.796602455	-8827
13.800658596	-8754
13.804669442	-8680
13.809717172	-8607
13.813069639	-8534
13.817806482	-8460
13.821333776	-8387
13.825760371	-8314
13.828994889	-8241
13.833029384	-8167
13.83712151	-8094
13.841249096	-8021
13.845364464	-7948
13.849460015	-7875
13.853556145	-7801
13.857628507	-7728
13.861705312	-7655
13.865875267	-7582
13.869977736	-7508
13.874001655	-7435
13.878008958	-7361
13.882306474	-7288
13.886367018	-7215
13.890493808	-7142
13.894478949	-7069
13.89860668	-6995
13.902659615	-6922
13.906721768	-6849
13.910876733	-6776
13.91473849	-6702
13.919004322	-6629
13.922860957	-6555
13.927101274	-6482
13.931029607	-6409
13.9352948	-6336
13.939277972	-6263
13.943700633	-6189
13.947697604	-6116
13.951781888	-6043
13.95569992	-5970
13.95952688	-5896
13.96406511	-5823
13.968024405	-5750
13.972187939	-5677
13.976253128	-5603
13.980338409	-5530
13.984340406	-5457
13.98813901	-5383
13.992322671	-5314
13.996466394	-5304
14.000566557	-5304
15.021147013	-5320
15.025219599	-5391
15.029399506	-5465
15.033439103	-5538
15.037490278	-5611
15.041775293	-5684
15.045738047	-5757
15.049775579	-5830
15.054110889	-5903
15.05816966	-5976
15.062220589	-6049
15.066301272	-6122
15.069937749	-6195
15.074368421	-6268
15.078109355	-6341
15.082362054	-6414
15.086367426	-6487
15.090375033	-6560
15.094561238	-6634
15.098562036	-6707
15.10265599	-6780
15.107507156	-6853
15.111655875	-6926
15.114702897	-6999
15.119703637	-7072
15.123698325	-7145
15.127699209	-7218
15.131329815	-7291
15.135702117	-7364
15.139776734	-7437
15.143772143	-7510
15.147765428	-7583
15.151388882	-7656
15.155779581000001	-7729
15.159780093	-7802
15.163535166	-7875
15.167768461	-7948
15.172067437	-8021
15.176140571	-8094
15.180228635	-8167
15.183852587	-8241
15.188364476	-8314
15.192343989	-8387
15.196361066	-8460
15.200363524	-8533
15.204289676	-8606
15.208481656	-8679
15.212547953	-8752
15.216599701	-8825
15.221582086	-8898
15.225619703	-8971
15.229679088	-9044
15.233652983	-9117
15.23780531	-9190
15.240822219	-9263
15.245774186	-9336
15.249779018	-9409
15.253774281	-9482
15.257774843	-9555
15.26133039	-9628
15.26575455	-9701
15.269773886	-9774
15.273325094	-9847
15.277695492	-9920
15.28173094	-9994
15.285751455	-10067
15.29004706	-10141
15.294222571	-10214
15.297987918	-10288
15.30234439	-10361
15.306369769	-10435
15.310378595	-10509
15.314454114	-10582
15.318514241	-10656
15.323576185	-10730
15.327655068	-10803
15.332374494	-10902
15.336200704	-10975
15.34025101	-11049
15.344352211	-11122
15.348380343	-11195
15.352408046	-11269
15.356544213	-11342
15.360642616	-11416
15.364775432	-11490
15.368955668	-11563
15.373062069	-11637
15.377239856	-11710
15.381226058	-11784
15.385696842	-11858
15.389698887	-11931
15.393695888	-12005
15.397679699	-12079
15.402121931	-12152
15.406219713	-12226
15.409985207	-12300
15.414102495	-12373
15.418284962	-12447
15.422486499	-12521
15.426591394999999	-12594
15.430586327	-12668
15.43460131	-12741
15.439735476	-12815
15.443775629	-12889
15.446884655	-12963
15.451779712	-13036
15.455758373	-13110
15.459777258999999	-13184
15.463257149	-13257
15.467693006	-13331
15.471628034	-13404
15.475698616	-13478
15.480097544	-13552
15.484192032	-13626
15.488306811	-13699
15.492341957	-13773
15.496363118	-13804
15.500462018	-13804
15.504590731	-13804
16.521799522	-13788
16.526171102	-13716
16.530274887	-13642
16.534354988	-13569
16.538102113	-13495
16.542360893	-13422
16.54650163	-13348
16.550594954	-13274
16.554665438	-13200
16.559634033000002	-13127
16.563730477	-13027
16.568361044	-12955
16.57245613	-12881
16.576573648	-12807
16.58064789	-12734
16.586364278	-12636
16.590355598	-12562
16.594355815	-12488
16.598410476	-12414
16.602467713	-12341
16.606659139	-12267
16.611603991	-12168
16.616360555	-12096
16.620058515	-12022
16.624123689	-11948
16.628475704	-11874
16.632547078	-11801
16.636636114	-11727
16.641606408	-11653
16.644674466	-11580
16.648722152	-11506
16.653748078	-11433
16.657734056	-11359
16.661742708	-11285
16.665715735	-11212
16.669660772	-11138
16.673745036	-11064
16.677661511	-10991
16.68164198	-10917
16.685739866	-10843
16.69016016	-10770
16.694327275	-10696
16.698034343	-10622
16.702377931	-10549
16.706221898	-10475
16.710545541	-10401
16.714355944	-10328
16.719549707	-10254
16.723649157	-10180
16.727743792	-10107
16.731327481	-10033
16.735757306	-9960
16.739765317	-9886
16.743793632	-9813
16.747763044	-9740
16.751768241	-9667
16.755751292	-9594
16.759764314999998	-9521
16.763376081	-9448
16.767762251	-9375
16.771726053	-9302
16.775768088	-9229
16.77965453	-9156
16.784165612	-9083
16.787785429	-9010
16.792272508	-8937
16.79634797	-8864
16.800355552	-8791
16.804354793	-8718
16.808186867	-8645
16.812360042999998	-8572
16.816422933	-8499
16.82049856	-8426
16.824573274	-8353
16.828623561	-8280
16.832687923	-8207
16.836543318	-8134
16.841672681	-8061
16.844729786	-7988
16.849767406	-7915
16.853772133	-7842
16.857686723	-7769
16.860929893	-7696
16.864990915	-7623
16.86969393	-7550
16.873689981	-7477
16.877689665	-7404
16.881271441	-7330
16.885755436	-7257
16.889755747	-7184
16.893763097	-7111
16.897686968	-7038
16.902033421	-6965
16.906136667	-6892
16.910215695	-6819
16.914300578	-6746
16.917892723	-6673
16.922332316	-6600
16.926044682	-6527
16.93011977	-6454
16.934353502	-6381
16.938407045	-6308
16.942508941	-6235
16.946579626	-6161
16.950655077	-6088
16.954697711	-6015
16.958593748	-5942
16.963722269	-5869
16.967685253	-5796
16.971768828	-5723
16.975751569	-5650
16.979686276	-5577
16.983789031	-5504
16.987685218	-5431
16.991767262	-5358
16.995750126	-5304
16.999334023	-5304
17.003770811	-5304
18.024153872	-5320
18.028095837	-5392
18.032305449	-5465
18.036345414	-5538
18.040281419	-5611
18.044346197	-5685
18.048573705	-5758
18.05426961	-5856
18.05805864	-5929
18.062271968	-6002
18.066281668	-6076
18.070386813	-6149
18.07434252	-6222
18.078553716	-6295
18.082644573	-6368
18.087499971	-6442
18.090782499	-6515
18.094680552	-6588
18.098702532	-6661
18.10368538	-6735
18.107752084	-6808
18.111330982	-6881
18.11574409	-6954
18.119685252	-7028
18.123681216	-7101
18.127678163	-7174
18.131378659	-7247
18.135685213	-7320
18.139679824	-7394
18.14359423	-7467
18.147763823	-7540
18.152139026	-7613
18.156262275	-7686
18.160259485	-7760
18.164348241	-7833
18.168121271	-7906
18.172320549	-7980
18.176473659	-8053
18.180468039	-8126
18.184654898	-8199
18.189544223	-8272
18.19362747	-8346
18.197734564	-8419
18.201334142	-8492
18.20576135	-8565
18.208895673	-8638
18.212963794	-8713
18.217761465	-8785
18.221148748	-8858
18.225733353	-8932
18.22968906	-9005
18.233390901	-9078
18.23775787	-9151
18.241721959	-9224
18.246075246	-9298
18.249679505	-9371
18.253787619	-9444
18.257889753	-9517
18.262321067	-9591
18.266346214	-9664
18.270347187	-9737
18.274420327	-9810
18.278453032	-9884
18.282555012	-9957
18.286567259999998	-10030
18.291336158	-10131
18.296268174	-10202
18.300275513	-10276
18.304390925	-10350
18.308485804	-10424
18.312639872	-10498
18.317997374	-10596
18.322353817	-10670
18.326352572	-10744
18.330499498000002	-10818
18.334588383	-10892
18.338413998	-10966
18.342515491	-11039
18.346604113	-11113
18.350745102	-11187
18.35483097	-11261
18.358959923	-11335
18.363051451	-11409
18.367175365	-11482
18.371318007	-11556
18.375595576	-11630
18.379591153	-11704
18.383930413	-11778
18.387706144	-11851
18.392193628	-11925
18.396241963	-11998
18.400239365	-12072
18.404165462	-12146
18.408450839	-12220
18.412540722	-12294
18.417513845	-12368
18.420639925	-12442
18.424896815	-12515
18.429732665	-12589
18.433727604	-12663
18.437652358	-12737
18.441733335	-12811
18.445709712	-12885
18.44972562	-12959
18.453764389	-13032
18.45800464	-13106
18.461865202	-13180
18.46596347	-13254
18.470319784	-13328
18.474326704	-13401
18.478468656	-13475
18.482535817	-13549
18.486579485	-13623
18.491619949	-13697
18.494642609	-13771
18.499733478	-13804
18.503737215	-13804
19.519725506	-13788
19.52372835	-13716
19.528088099	-13642
19.532147655	-13568
19.536271995	-13494
19.54031879	-13420
19.544313965	-13347
19.548336207	-13273
19.552409571	-13200
19.556553727	-13126
19.56061347	-13052
19.56559269	-12978
19.569715032	-12904
19.573732217	-12830
19.577644106	-12757
19.581723045	-12683
19.585642176	-12609
19.589727081	-12535
19.593725561	-12461
19.597644969	-12388
19.6017264	-12314
19.606118184	-12240
19.609818117	-12166
19.614314826	-12092
19.61831862	-12018
19.622291548	-11944
19.626433539	-11871
19.63045468	-11797
19.63455564	-11723
19.639507319	-11649
19.643706048	-11575
19.647722566	-11501
19.651728558	-11427
19.655704011	-11354
19.659724281	-11280
19.663738337	-11206
19.66764699	-11132
19.671732055	-11058
19.675704021	-10985
19.680085759	-10911
19.684201215999998	-10837
19.688004107	-10763
19.692235188	-10689
19.696314276	-10615
19.700392482	-10542
19.704425771	-10468
19.708533179	-10394
19.713550135	-10320
19.717580347	-10246
19.720702137	-10172
19.725728472	-10098
19.729720409	-10025
19.733720228	-9951
19.737721127	-9878
19.741721656	-9804
19.745703948	-9731
19.749724389	-9658
19.753727229	-9585
19.757645679	-9512
19.762038461	-9438
19.766093797	-9365
19.770209225	-9292
19.774271196	-9218
19.778009979	-9145
19.782285371	-9072
19.78631995	-8999
19.790387238	-8926
19.794373668	-8852
19.798510485	-8779
19.802517818	-8706
19.807609712	-8633
19.811332123	-8559
19.814703817	-8486
19.81873873	-8413
19.823675655	-8340
19.827682032	-8266
19.830985372	-8193
19.835676763	-8120
19.839672918	-8047
19.843679607	-7974
19.847746976	-7901
19.851408681	-7828
19.855753458	-7755
19.859758121	-7681
19.863624895	-7608
19.868043765	-7535
19.872153249	-7462
19.87587485	-7389
19.879955399	-7315
19.8843403	-7242
19.888279699	-7169
19.892438803	-7095
19.896515551	-7022
19.900480478	-6949
19.904649705	-6876
19.909534557	-6803
19.913613609	-6729
19.917721273	-6656
19.921748633	-6583
19.925238967	-6510
19.929756008	-6437
19.93367484	-6363
19.93774881	-6290
19.941130557	-6217
19.945754425	-6143
19.949755048	-6070
19.953674544	-5997
19.957750101	-5924
19.961709425	-5851
19.965742983	-5777
19.970085451	-5704
19.974148901	-5631
19.977806641	-5558
19.982279395	-5484
19.986261092	-5411
19.990050635	-5338
19.994259301	-5304
19.99839124	-5304
21.020282594	-5320
21.024256848	-5391
21.028433041	-5465
21.032466849	-5538
21.036479771	-5611
21.041555479	-5684
21.045324125	-5757
21.049657154	-5830
21.05283443	-5903
21.057745663	-5977
21.061116715	-6050
21.065721449	-6123
21.069449487	-6196
21.073639522	-6269
21.077714045	-6342
21.081386256	-6415
21.085748714	-6488
21.089753429	-6562
21.093755155	-6635
21.097747264	-6708
21.101715156	-6781
21.106055502	-6854
21.109672099	-6927
21.114117304	-7000
21.118254706	-7073
21.122297262	-7146
21.126336913	-7220
21.130042513	-7293
21.134339661	-7366
21.138327803	-7439
21.142472994	-7512
21.146454186	-7586
21.150638909	-7659
21.155567888	-7732
21.159614473	-7805
21.163688987	-7878
21.167749638	-7951
21.171334049	-8024
21.175729344	-8097
21.179739239	-8170
21.183751432	-8243
21.18767268	-8316
21.19174799	-8389
21.195731763	-8463
21.199748382	-8536
21.20334761	-8609
21.207742145	-8682
21.211709103	-8755
21.216062991	-8828
21.220118415	-8901
21.224121524	-8975
21.228283099	-9048
21.2323167	-9121
21.236341804	-9194
21.240014345	-9267
21.244336822	-9340
21.24836316	-9413
21.252440249	-9486
21.256453946	-9559
21.260578895	-9632
21.264643236	-9706
21.269586809	-9779
21.273698015	-9878
21.278137934	-9950
21.282322426	-10023
21.286509417	-10097
21.290491831	-10170
21.294588335	-10245
21.299688153	-10318
21.303740401	-10392
21.30773818	-10465
21.311334848	-10539
21.315733778	-10613
21.31973975	-10686
21.323761216	-10760
21.327388477	-10834
21.33174692	-10907
21.335612151	-10981
21.339706335	-11055
21.343831874	-11129
21.347923022	-11203
21.35199888	-11276
21.356066108	-11350
21.360167856	-11424
21.364270698	-11497
21.368455755	-11571
21.373505872	-11645
21.376772787	-11719
21.380698297	-11792
21.385639175	-11866
21.389041667	-11940
21.393635768	-12014
21.397316489	-12087
21.40125845	-12161
21.405639317	-12235
21.409636211	-12308
21.413668775	-12382
21.417631496	-12456
21.422108483	-12530
21.42621411	-12603
21.430228139	-12677
21.434312069	-12751
21.438291182	-12824
21.442481922	-12898
21.446531717	-12972
21.451334682	-13046
21.454662099	-13120
21.459643943	-13193
21.463641618	-13267
21.467700221	-13341
21.471719714	-13414
21.475701995	-13488
21.479644229	-13562
21.483730935	-13635
21.487643882	-13709
21.491983678	-13783
21.496163009	-13804
21.500231225	-13804
21.504228672	-13804
22.520089689	-13788
22.524284981	-13716
22.528075779	-13642
22.532276563	-13569
22.536371844	-13494
22.540526304	-13421
22.544402592	-13347
22.549547463	-13274
22.553653698	-13200
22.557744406	-13126
22.561332551	-13053
22.565718683	-12979
22.569719389	-12905
22.573720526	-12831
22.577710645	-12757
22.581332362	-12684
22.585719329	-12610
22.589721201	-12536
22.59405024	-12463
22.598139379	-12389
22.60221066	-12315
22.606307714	-12242
22.609945294	-12169
22.614221781	-12095
22.6184536	-12021
22.622519384	-11947
22.627425473	-11873
22.631625845	-11800
22.634683357	-11726
22.639616507	-11652
22.643726084	-11579
22.64763694	-11505
22.651705069	-11431
22.65569454	-11358
22.659713859	-11284
22.663720245	-11210
22.667666293	-11136
22.67209497	-11062
22.676134904	-10989
22.680234337999998	-10916
22.684299245	-10842
22.68807	-10768
22.692335516	-10695
22.696476997	-10621
22.700598291	-10547
22.705550568	-10473
22.709653415	-10400
22.713709713	-10326
22.71773511	-10252
22.721332849	-10179
22.725717973	-10105
22.729715442	-10031
22.733715621	-9957
22.737708065	-9883
22.741334867	-9811
22.745717191	-9738
22.74971997	-9665
22.754048376	-9592
22.758096052	-9518
22.762122694	-9445
22.766261247	-9372
22.770312025	-9299
22.773950727	-9226
22.778308182	-9153
22.782276576	-9080
22.786402863	-9007
22.79047399	-8934
22.794300181	-8861
22.798606233	-8787
22.803541269	-8714
22.807592929	-8641
22.811655158	-8568
22.814704638	-8495
22.819634985	-8422
22.823718187	-8349
22.827634575	-8275
22.831715119	-8202
22.835695394	-8129
22.839707367	-8056
22.843723645	-7983
22.847640831	-7910
22.851712546999998	-7837
22.855692371	-7763
22.859714437	-7690
22.863747111	-7617
22.867600484	-7544
22.872062295	-7471
22.876136732	-7398
22.880211939	-7325
22.884225334	-7252
22.888002778	-7179
22.892275209	-7106
22.89636829	-7032
22.900446746	-6959
22.904437336	-6886
22.908612108	-6813
22.913516858	-6740
22.917613078	-6667
22.921684424	-6594
22.924681591	-6520
22.928835184	-6447
22.932893479	-6374
22.93698046	-6301
22.941017343	-6228
22.945737812	-6155
22.949639606	-6082
22.953703644	-6009
22.957633073	-5936
22.961710277999998	-5863
22.965693344	-5790
22.96970959	-5716
22.973749031	-5643
22.977599056	-5570
22.982140933	-5497
22.986207801	-5424
22.990261813	-5351
22.994299774	-5304
22.998095526	-5304
23.00217373	-5304
24.024426287	-5320
24.028370855	-5392
24.03252077	-5465
24.036595046	-5538
24.040624823	-5611
24.044671824	-5684
24.049708857	-5758
24.05372047	-5831
24.057628473	-5903
24.061704973	-5977
24.065688348	-6050
24.069719769	-6123
24.073461674	-6197
24.077721897	-6270
24.081337264	-6343
24.085722162	-6416
24.089635698	-6489
24.093722237	-6563
24.098055077	-6636
24.101643471	-6709
24.106173371	-6782
24.110269954	-6855
24.114297531	-6929
24.118013434	-7002
24.122269784	-7075
24.126366007	-7149
24.13043703	-7222
24.134519283	-7295
24.138562521	-7368
24.142471069	-7441
24.147614889	-7515
24.151330595	-7588
24.154740783	-7661
24.159709474	-7734
24.163717201	-7807
24.166960073	-7881
24.171711444	-7954
24.175688964	-8027
24.179709172	-8101
24.183713025	-8174
24.187703769	-8247
24.191702763	-8320
24.195709237	-8393
24.199741237	-8467
24.203950577	-8540
24.207641542	-8613
24.212098058	-8686
24.216253172	-8759
24.220218636	-8833
24.224295807	-8906
24.228301717	-8979
24.232364733	-9053
24.23646607	-9126
24.240530585	-9199
24.244602695	-9272
24.249509944	-9345
24.25354114	-9419
24.257703237	-9492
24.261338911	-9565
24.264934758	-9638
24.269627365	-9711
24.273720007	-9785
24.277630138	-9858
24.281069019	-9931
24.28568331	-10005
24.289702471	-10078
24.293628841	-10152
24.297702539	-10226
24.302028134	-10300
24.30618244	-10374
24.310199227	-10447
24.314214379	-10521
24.318297852	-10596
24.322422437	-10669
24.326533357	-10743
24.330593625	-10817
24.334630612	-10891
24.338578153	-10964
24.34268183	-11038
24.346780405	-11112
24.350876793	-11186
24.35498717	-11259
24.359080511	-11333
24.363173119	-11407
24.367276536	-11481
24.371436541	-11555
24.375651701	-11628
24.379689413	-11702
24.383841762	-11776
24.387830108	-11850
24.392207802	-11924
24.39621526	-11998
24.400382517	-12071
24.40431473	-12145
24.409420614	-12219
24.413512361	-12293
24.4176116	-12367
24.420730683	-12440
24.425620435	-12514
24.429622901	-12588
24.433165502	-12662
24.437153419	-12736
24.441702154	-12810
24.445681954	-12884
24.449702611	-12957
24.454080667	-13031
24.458007718	-13105
24.462294014	-13179
24.466291183	-13253
24.470296255	-13326
24.474439285	-13401
24.47848854	-13474
24.483501895	-13548
24.487624633	-13622
24.491703889	-13696
24.494779458	-13770
24.499708481	-13804
24.503697268	-13804
